T001:20,13,83,37,13,28,36,76,71,84,55,56,41,84,35,55,25,85,77,96,35,51,89
T002:62,68,36,11,26,65,53,45,70,20,10,27,87,30,45,21,83,38,68,91,60,36,1,2,3,4,5,6,7,8,9,39,89,59,60,66,50
T003:95,18,98,94,23,45,74,52,80,65,71,57,22,20,95,86,90,55,22,20,79,63,73
T004:18,15,95,10,95,18,92,46,46,51,53,25,90,15,71,54
T005:87,63,76,13,21,25,71,86,57,47,16,66,16,62
T006:15,43,10,32,86,98,26,11,71,89,43,54,95,24,42,23
T007:42,77,45,36,74,58,28,56,59,31,84,48,21,68,61,42,84,38,89,15,87
T008:61,33,73,14,64,98,62,68,37,93,28,57,33,11
T009:68,91,83,38,65,93,63,75,71,86,14,64
T010:44,15,83,50,66,91,20,27,78,92,45,43,11,10,10,92,61
T011:82,49,94,21,53,69,54,84,55,95,30,68,90,80,33,23,59,18,1,2,3,4,5,6,7,8,9,31,56,42
T012:97,27,14,93,59,85,82,64,44,72,58,64,59,86,38,85,12,85,80
T013:56,19,34,84,36,40,60,41,47,73,14,86,98,90,43,78,87,10,26
T014:97,49,20,97,84,70,42,55,68,23,33,37,76,87,34,37,82
T015:65,56,53,73,17,61,42,90,72,36,10,51,42,97,33,51,79,50,14,20,42,64
T016:33,78,15,24,68,73,66,88,90,56,24,61,65,67,62,84,65,56,70,71,91,73,37,1,2,3,4,5,6,7,8,9,55,84,64,79,90,32
T017:71,72,61,58,60,52,66,74,93,55,48,28,27